  2.0100             0.00019612253638195             1.25937599315690818             1.33535914458448524             3.09216514174204748            -1.75680599715756247             0.08866235484103778             3.43507156927169977             1.03950782412964093             0.87127978448982024
  2.0200             0.00019861108715301             1.26089270981708523             1.33492870157473509             3.09409992576385529            -1.75917122418911998             0.09025907299107548             3.43455465910036217             1.04672578690920304             0.87784619569110267
  2.0300             0.00020113646580074             1.26350354157196421             1.34145938368269513             3.10308648993593339            -1.76162710625323826             0.09082783638352451             3.44654997875374525             1.05590259914117590             0.88744792689322216
  2.0400             0.00020370364576900             1.26826087900155926             1.34475672008424274             3.10885791280327073            -1.76410119271902821             0.09447258607127706             3.47961596512438964             1.06111833650000498             0.89266089208448163
  2.0500             0.00020630965954070             1.27120209573252652             1.34774058809386044             3.11427925504256597            -1.76653866694870554             0.09789661331299507             3.49456294506704035             1.07115839551523306             0.90209244677948386
  2.0600             0.00020895536281164             1.27424123236590248             1.35122032672557868             3.12023540306554947            -1.76901507633997102             0.10170334735492981             3.48010997747175344             1.07528327061984297             0.90797389987771349
  2.0700             0.00021163077091177             1.27224555091292046             1.34460545449470348             3.11635063138514479            -1.77174517689044109             0.10041152826168491             3.48528666467369952             1.08045739375433647             0.91101772692682126
  2.0800             0.00021433876866081             1.27146848745223195             1.35029458134392644             3.12502383000620343            -1.77472924866227677             0.10582233186473501             3.52730616393837693             1.08417439894447720             0.91539025829419640
  2.0900             0.00021708977185151             1.27531686863218141             1.35310202291094961             3.13089058523483432            -1.77778856232388449             0.11057170703323278             3.53290205365356558             1.09034239957701029             0.92099506355862903
  2.1000             0.00021987736387355             1.27589908277609965             1.35222531283888170             3.13328389506160354            -1.78105858222272206             0.11308372933772982             3.53958337393357736             1.09884379159309020             0.92866750749954963
  2.1100             0.00022270147790949             1.27622565777105734             1.35453187059019031             3.13906412896134324            -1.78453225837115270             0.11308649240226745             3.53750905814230432             1.10649777034392183             0.93579644146025065
  2.1200             0.00022555714996771             1.27413529310889118             1.34852538650764542             3.13660209898901687            -1.78807671248137168             0.11098376793960579             3.54149252666307923             1.11050319263686115             0.93999529127377313
  2.1300             0.00022843848358914             1.26933921632108593             1.34603693595694796             3.13788233454740784            -1.79184539859046010             0.11351173942057365             3.56075830784352920             1.12032545515255966             0.95054460627144566
  2.1400             0.00023134991843536             1.26644071332453478             1.34381497061543365             3.13981504859288885            -1.79600007797745520             0.11510050064373886             3.57168032779227795             1.12687225038959427             0.95947536117240706
  2.1500             0.00023429073199539             1.26314257936126495             1.34056605085405400             3.14096090696486208            -1.80039485611080785             0.11516997627765288             3.59488463462063290             1.13207060623907374             0.96087819535519159
  2.1600             0.00023725582740278             1.25762108891329660             1.33362379928771180             3.13851408763513406            -1.80489028834742227             0.11375638492094507             3.59480987471861280             1.13447746271467143             0.96604521438169699
  2.1700             0.00024025705537318             1.25704147408516320             1.34046691080609448             3.14992948510134019            -1.80946257429524593             0.11965023749765527             3.59406211060095249             1.14080701699319453             0.97235091436232424
  2.1800             0.00024329485583309             1.25646920406126128             1.33395415011266261             3.14822620782618712            -1.81427205771352451             0.12266714407220060             3.59923925881209250             1.15252026155090492             0.98250419419425283
  2.1900             0.00024636363592724             1.25345330463435545             1.33562207767971430             3.15492962251025277            -1.81930754483053847             0.12657420718023543             3.70561109000739508             1.15540138113108171             0.98457901715327634
  2.2000             0.00024946850184645             1.25240228135758969             1.33294943979448677             3.15733054607725894            -1.82438110628277217             0.12232576838918995             3.63526970597584587             1.16133946739629024             0.98876224405227109
  2.2100             0.00025261106923986             1.25183680574281198             1.33559322401399427             3.16510852011530330            -1.82951529610130925             0.12713351021515082             3.64333058186060477             1.17045732378176126             0.99812557613992325
  2.2200             0.00025579486281596             1.25247759532065572             1.33549985424562356             3.17015128855328143            -1.83465143430765765             0.13240400026798488             3.64635546918803710             1.17693709272738234             1.00304995785721962
  2.2300             0.00025901229849095             1.24997389649923463             1.33192426913896256             3.17169606615188782            -1.83977179701292548             0.13399932051758207             3.65858841577176896             1.18247842013335580             1.00684480152409650
  2.2400             0.00026225726621282             1.24504089979105004             1.32700773324182397             3.17192237630947993            -1.84491464306765596             0.13327805779195209             3.67479140075727440             1.18761932179255880             1.01283022824180247
  2.2500             0.00026553423531515             1.24178248510435907             1.32659334082113234             3.17666866327979536            -1.85007532245866280             0.13410300085998256             3.67493261073426192             1.19099815237975415             1.01985184656552219
  2.2600             0.00026884857136526             1.24045104264443040             1.32564934879684815             3.18088997541535523            -1.85524062661850708             0.13295389009159944             3.68005343483032821             1.19642786767333953             1.02436685230394331
  2.2700             0.00027220039954130             1.23902686702237474             1.32509956160142650             3.18542094332298298            -1.86032138172155670             0.13324648815372661             3.68783399375060750             1.20095125348850251             1.02947545194008239
  2.2800             0.00027560293992447             1.24226484039482443             1.33327392902173703             3.19855900081483657            -1.86528507179309955             0.13703239376378221             3.69546983861003842             1.20975463877956790             1.03709533240982843
  2.2900             0.00027906566804307             1.24859170135724895             1.33890692316223658             3.20905946860559776            -1.87015254544336140             0.13952895795187303             3.71082855143452806             1.21455222221678438             1.04079505696670105
  2.3000             0.00028256746069277             1.24701975346717120             1.33121238876721781             3.20617141430358510            -1.87495902553636706             0.13444611755141506             3.72724536796623651             1.21706390845825219             1.04400230453339415
  2.3100             0.00028609722536259             1.24143808795427191             1.32900288840450531             3.20872460305199603            -1.87972171464749072             0.13665214688399896             3.73179789116344329             1.22337868077497181             1.04753032024426740
  2.3200             0.00028965592664073             1.23620568496747296             1.32190627766917057             3.20633389334919050            -1.88442761568001993             0.13494955383289653             3.80416123394764316             1.22811898282737175             1.05303111767513990
  2.3300             0.00029323961523099             1.22963155042619121             1.31731458451459682             3.20648198422202757            -1.88916739970743097             0.13359759116107056             3.75411389543216156             1.23658439944576792             1.05908743651412540
  2.3400             0.00029685568262235             1.22560293857496561             1.31522188120249672             3.20910503290890947            -1.89388315170641275             0.13055407409123107             3.75892505478971195             1.24297463624470472             1.06534868176711695
  2.3500             0.00030049899102858             1.21982927173736044             1.30675427093959007             3.20528333167204948            -1.89852906073245942             0.12303753476156601             3.76746990937040849             1.24878360976814506             1.07125629124019883
  2.3600             0.00030417508819572             1.21590872964194574             1.30828364558889110             3.21138632353008902            -1.90310267794119792             0.12138316862098147             3.78018554989618272             1.24823861285044435             1.07207919933100837
  2.3700             0.00030789104731571             1.21424942864454266             1.30456306708471392             3.21213776752320124            -1.90757470043848731             0.11940123492840364             3.78781942459160392             1.25241019928317554             1.07491082828978901
  2.3800             0.00031163455160815             1.20852144322807220             1.29792894255510483             3.20992101695655130            -1.91199207440144625             0.11626201431733840             3.79156574313839601             1.25517015245508290             1.07781194872935626
  2.3900             0.00031541033554650             1.20432512957151516             1.29727751874851194             3.21361319615436214            -1.91633567740585020             0.11012064053284479             3.80000050544913437             1.25820210525947629             1.08164756507135551
  2.4000             0.00031921662262379             1.19954964703286038             1.28927930725092321             3.20985202586864649            -1.92057271861772305             0.10464168335088320             3.84200704580914154             1.26104043324885673             1.08465972064918104
  2.4100             0.00032306055923011             1.19698554163178983             1.29341354647005846             3.21817524370143726            -1.92476169723137880             0.10998512678411274             3.81572196015954201             1.27144685211285169             1.09240850081441909
  2.4200             0.00032696655729855             1.20180988838018976             1.30012834186522097             3.22905228831390945            -1.92892394644868848             0.11692057202237834             3.83386535160186925             1.27955256611271695             1.09884084166378826
  2.4300             0.00033092970639128             1.20480910170339683             1.30046351951318062             3.23347755853839303            -1.93301403902521263             0.11930110696757112             3.84655487690619768             1.28521564456554449             1.10415083024869021
  2.4400             0.00033492429016216             1.19985213414057768             1.29152817140237386             3.22869881493054844            -1.93717064352817436             0.11956924881200885             3.85120495834714127             1.29068316156722940             1.10968965429644517
  2.4500             0.00033892157083470             1.18642193765916559             1.27463919252618263             3.21592892439708011            -1.94128973187089726             0.11408999002598354             3.85078535876969852             1.29136581809232309             1.11121830001104027
  2.4600             0.00034294240548479             1.17937928843190321             1.27864276637711738             3.22390159419480193            -1.94525882781768433             0.12132928655956776             3.86613703451170565             1.29778204009354936             1.11760586789324967
  2.4700             0.00034701329405476             1.18005715816975609             1.27696651588211196             3.22612993023906425            -1.94916341435695228             0.12476644875328388             3.90660233085885000             1.30586092451212821             1.12069452920265378
  2.4800             0.00035113357496255             1.18036159118775075             1.28044315921247565             3.23345605973377026            -1.95301290052129461             0.13320466924699176             3.89525351555321953             1.31454727452827780             1.12699949260618215
  2.4900             0.00035528003289834             1.17395970603277888             1.26525354844301652             3.22208179876790402            -1.95682825032488750             0.13074934255980422             3.89619009699082453             1.32101373487658957             1.13324591729415824
  2.5000             0.00035944978400363             1.16681809395364766             1.26760573692781731             3.22827538853955565            -1.96066965161173856             0.13127415436235171             3.91011248711574355             1.32848760204333427             1.13992849406592134
  2.5100             0.00036365452693937             1.16298306177773370             1.25893917709508174             3.22348988212300158            -1.96455070502792006             0.12706963102175203             3.91786785719915098             1.32789321557105633             1.13897441850545622
  2.5200             0.00036788031916237             1.15533504665688014             1.25335021165899430             3.22172179965480376            -1.96837158799580947             0.12793396921559794             3.92733869574330496             1.32989843360897431             1.14095552797024169
  2.5300             0.00037214776685582             1.15333325257074293             1.25588993741392208             3.22795069206561092            -1.97206075465168884             0.12699135942994158             3.94907294091700889             1.33224451139166322             1.14438653951586744
  2.5400             0.00037648660986470             1.15914837073347599             1.26595306335026603             3.24158079208377803            -1.97562772873351200             0.13542270915063953             3.94001121419902978             1.33944450482642918             1.14928798627563511
  2.5500             0.00038090028702393             1.16551451865909428             1.26987446625081657             3.24906082484962022            -1.97918635859880387             0.13844335682369366             3.97207591097447565             1.34174873814878826             1.15079532571504672
  2.5600             0.00038536328261036             1.16488535554895023             1.26565242875516315             3.24842560114027457            -1.98277317238511142             0.13816026400305029             3.98446151899861567             1.34418195604550061             1.15499942990052040
