  2.0100             1.81106022088081908             1.81122743498367633             1.03950782412964471             0.71475715645696880
  2.0200             1.82563008714805886             1.82586925802654787             1.04672578690919416            -1.45698662672397727
  2.0300             1.84746529390626191             1.84763002873052362             1.05590259914117612            -2.18352067582030518
  2.0400             1.85581754609230654             1.85602883927218443             1.06111833650002430            -0.83522521860446286
  2.0500             1.87671242306294239             1.87682514071351458             1.07115839551523329            -2.08948769706358561
  2.0600             1.87507876767103721             1.87526758522446757             1.07528327061982498             0.16336553919051866
  2.0700             1.88439723091540867             1.88455085077232720             1.08045739375434757            -0.93184632443714666
  2.0800             1.88466983427482693             1.88476647380384388             1.08417439894447565            -0.02726033594182553
  2.0900             1.89127493328848506             1.89143397982816186             1.09034239957701140            -0.66050990136581333
  2.1000             1.90569097087738970             1.90586699271391380             1.09884379159311085            -1.44160375889046399
  2.1100             1.91806325166269254             1.91836488690934304             1.10649777034389274            -1.23722807853028360
  2.1200             1.91894136034206708             1.91919892562579286             1.11050319263683028            -0.08781086793745452
  2.1300             1.93618803438464804             1.93643255422813154             1.12032545515254034            -1.72466740425809562
  2.1400             1.94519713821320894             1.94543634455661718             1.12687225038955940            -0.90091038285609049
  2.1500             1.94952066862242357             1.94977278907149532             1.13207060623909195            -0.43235304092146265
  2.1600             1.94626734760350328             1.94645778541981795             1.13447746271470717             0.32533210189202855
  2.1700             1.95504363670661974             1.95531866124226394             1.14080701699319831            -0.87762891031164525
  2.1800             1.97697471979424000             1.97744164325334082             1.15252026155093201            -2.19310830876202623
  2.1900             1.97195376112404364             1.97246860906248433             1.15540138113110880             0.50209586701963627
  2.2000             1.97813282385138667             1.97856160239539891             1.16133946739624339            -0.61790627273430321
  2.2100             1.99155955209764834             1.99190802510207376             1.17045732378173417            -1.34267282462616766
  2.2200             1.99795783057080945             1.99831275316659940             1.17693709272739100            -0.63982784731611009
  2.2300             2.00790967716210211             2.00824591289685817             1.18247842013337356            -0.99518465912926679
  2.2400             2.01285131903261627             2.01317370165893861             1.18761932179254681            -0.49416418705141574
  2.2500             2.01155721885757011             2.01186643583995073             1.19099815237974127             0.12941001750461645
  2.2600             2.01438477248827574             2.01466721211022515             1.19642786767331644            -0.28275536307056370
  2.2700             2.01946411301445794             2.01983436784249459             1.20095125348851672            -0.50793405261821967
  2.2800             2.03667463929547710             2.03709282986347695             1.20975463877958234            -1.72105262810191562
  2.2900             2.03608072407548946             2.03666294583519836             1.21455222221677950             0.05939152199876396
  2.3000             2.03031563255912451             2.03097409990826572             1.21706390845823464             0.57650915163649508
